## x x T n
##
0.0000000e+00 0.0000000e+00 4.0220996e+00 3.1478635e+00
3.9215686e-03 3.9215686e-03 4.0218787e+00 3.1478024e+00
7.8431373e-03 7.8431373e-03 4.0212160e+00 3.1476191e+00
1.1764706e-02 1.1764706e-02 4.0201119e+00 3.1473138e+00
1.5686275e-02 1.5686275e-02 4.0185668e+00 3.1468865e+00
1.9607843e-02 1.9607843e-02 4.0165815e+00 3.1463374e+00
2.3529412e-02 2.3529412e-02 4.0141567e+00 3.1456666e+00
2.7450980e-02 2.7450980e-02 4.0112935e+00 3.1448743e+00
3.1372549e-02 3.1372549e-02 4.0079932e+00 3.1439609e+00
3.5294118e-02 3.5294118e-02 4.0042573e+00 3.1429265e+00
3.9215686e-02 3.9215686e-02 4.0000872e+00 3.1417716e+00
4.3137255e-02 4.3137255e-02 3.9954849e+00 3.1404965e+00
4.7058824e-02 4.7058824e-02 3.9904524e+00 3.1391016e+00
5.0980392e-02 5.0980392e-02 3.9849918e+00 3.1375874e+00
5.4901961e-02 5.4901961e-02 3.9791055e+00 3.1359544e+00
5.8823529e-02 5.8823529e-02 3.9727961e+00 3.1342030e+00
6.2745098e-02 6.2745098e-02 3.9660662e+00 3.1323339e+00
6.6666667e-02 6.6666667e-02 3.9589188e+00 3.1303476e+00
7.0588235e-02 7.0588235e-02 3.9513569e+00 3.1282448e+00
7.4509804e-02 7.4509804e-02 3.9433838e+00 3.1260261e+00
7.8431373e-02 7.8431373e-02 3.9350029e+00 3.1236923e+00
8.2352941e-02 8.2352941e-02 3.9262179e+00 3.1212441e+00
8.6274510e-02 8.6274510e-02 3.9170324e+00 3.1186822e+00
9.0196078e-02 9.0196078e-02 3.9074503e+00 3.1160074e+00
9.4117647e-02 9.4117647e-02 3.8974758e+00 3.1132206e+00
9.8039216e-02 9.8039216e-02 3.8871131e+00 3.1103227e+00
1.0196078e-01 1.0196078e-01 3.8763665e+00 3.1073145e+00
1.0588235e-01 1.0588235e-01 3.8652406e+00 3.1041969e+00
1.0980392e-01 1.0980392e-01 3.8537400e+00 3.1009710e+00
1.1372549e-01 1.1372549e-01 3.8418697e+00 3.0976377e+00
1.1764706e-01 1.1764706e-01 3.8296345e+00 3.0941980e+00
1.2156863e-01 1.2156863e-01 3.8170395e+00 3.0906529e+00
1.2549020e-01 1.2549020e-01 3.8040900e+00 3.0870035e+00
1.2941176e-01 1.2941176e-01 3.7907913e+00 3.0832509e+00
1.3333333e-01 1.3333333e-01 3.7771489e+00 3.0793962e+00
1.3725490e-01 1.3725490e-01 3.7631684e+00 3.0754406e+00
1.4117647e-01 1.4117647e-01 3.7488555e+00 3.0713851e+00
1.4509804e-01 1.4509804e-01 3.7342161e+00 3.0672310e+00
1.4901961e-01 1.4901961e-01 3.7192561e+00 3.0629795e+00
1.5294118e-01 1.5294118e-01 3.7039815e+00 3.0586318e+00
1.5686275e-01 1.5686275e-01 3.6883984e+00 3.0541892e+00
1.6078431e-01 1.6078431e-01 3.6725131e+00 3.0496528e+00
1.6470588e-01 1.6470588e-01 3.6563320e+00 3.0450240e+00
1.6862745e-01 1.6862745e-01 3.6398614e+00 3.0403041e+00
1.7254902e-01 1.7254902e-01 3.6231078e+00 3.0354943e+00
1.7647059e-01 1.7647059e-01 3.6060777e+00 3.0305960e+00
1.8039216e-01 1.8039216e-01 3.5887779e+00 3.0256106e+00
1.8431373e-01 1.8431373e-01 3.5712150e+00 3.0205393e+00
1.8823529e-01 1.8823529e-01 3.5533958e+00 3.0153836e+00
1.9215686e-01 1.9215686e-01 3.5353270e+00 3.0101448e+00
1.9607843e-01 1.9607843e-01 3.5170157e+00 3.0048243e+00
2.0000000e-01 2.0000000e-01 3.4984686e+00 2.9994235e+00
2.0392157e-01 2.0392157e-01 3.4796928e+00 2.9939437e+00
2.0784314e-01 2.0784314e-01 3.4606953e+00 2.9883865e+00
2.1176471e-01 2.1176471e-01 3.4414830e+00 2.9827532e+00
2.1568627e-01 2.1568627e-01 3.4220631e+00 2.9770452e+00
2.1960784e-01 2.1960784e-01 3.4024427e+00 2.9712639e+00
2.2352941e-01 2.2352941e-01 3.3826288e+00 2.9654109e+00
2.2745098e-01 2.2745098e-01 3.3626286e+00 2.9594875e+00
2.3137255e-01 2.3137255e-01 3.3424492e+00 2.9534951e+00
2.3529412e-01 2.3529412e-01 3.3220978e+00 2.9474353e+00
2.3921569e-01 2.3921569e-01 3.3015814e+00 2.9413094e+00
2.4313725e-01 2.4313725e-01 3.2809072e+00 2.9351189e+00
2.4705882e-01 2.4705882e-01 3.2600823e+00 2.9288653e+00
2.5098039e-01 2.5098039e-01 3.2391139e+00 2.9225499e+00
2.5490196e-01 2.5490196e-01 3.2180090e+00 2.9161743e+00
2.5882353e-01 2.5882353e-01 3.1967747e+00 2.9097398e+00
2.6274510e-01 2.6274510e-01 3.1754181e+00 2.9032478e+00
2.6666667e-01 2.6666667e-01 3.1539461e+00 2.8967000e+00
2.7058824e-01 2.7058824e-01 3.1323657e+00 2.8900975e+00
2.7450980e-01 2.7450980e-01 3.1106838e+00 2.8834419e+00
2.7843137e-01 2.7843137e-01 3.0889074e+00 2.8767347e+00
2.8235294e-01 2.8235294e-01 3.0670433e+00 2.8699771e+00
2.8627451e-01 2.8627451e-01 3.0450982e+00 2.8631706e+00
2.9019608e-01 2.9019608e-01 3.0230790e+00 2.8563166e+00
2.9411765e-01 2.9411765e-01 3.0009923e+00 2.8494166e+00
2.9803922e-01 2.9803922e-01 2.9788447e+00 2.8424717e+00
3.0196078e-01 3.0196078e-01 2.9566428e+00 2.8354836e+00
3.0588235e-01 3.0588235e-01 2.9343931e+00 2.8284534e+00
3.0980392e-01 3.0980392e-01 2.9121019e+00 2.8213827e+00
3.1372549e-01 3.1372549e-01 2.8897757e+00 2.8142726e+00
3.1764706e-01 3.1764706e-01 2.8674206e+00 2.8071246e+00
3.2156863e-01 3.2156863e-01 2.8450429e+00 2.7999399e+00
3.2549020e-01 3.2549020e-01 2.8226486e+00 2.7927200e+00
3.2941176e-01 3.2941176e-01 2.8002438e+00 2.7854660e+00
3.3333333e-01 3.3333333e-01 2.7778343e+00 2.7781793e+00
3.3725490e-01 3.3725490e-01 2.7554261e+00 2.7708611e+00
3.4117647e-01 3.4117647e-01 2.7330248e+00 2.7635128e+00
3.4509804e-01 3.4509804e-01 2.7106361e+00 2.7561355e+00
3.4901961e-01 3.4901961e-01 2.6882655e+00 2.7487305e+00
3.5294118e-01 3.5294118e-01 2.6659185e+00 2.7412991e+00
3.5686275e-01 3.5686275e-01 2.6436004e+00 2.7338423e+00
3.6078431e-01 3.6078431e-01 2.6213165e+00 2.7263615e+00
3.6470588e-01 3.6470588e-01 2.5990718e+00 2.7188579e+00
3.6862745e-01 3.6862745e-01 2.5768714e+00 2.7113325e+00
3.7254902e-01 3.7254902e-01 2.5547202e+00 2.7037865e+00
3.7647059e-01 3.7647059e-01 2.5326231e+00 2.6962211e+00
3.8039216e-01 3.8039216e-01 2.5105847e+00 2.6886375e+00
3.8431373e-01 3.8431373e-01 2.4886096e+00 2.6810366e+00
3.8823529e-01 3.8823529e-01 2.4667023e+00 2.6734196e+00
3.9215686e-01 3.9215686e-01 2.4448672e+00 2.6657876e+00
3.9607843e-01 3.9607843e-01 2.4231085e+00 2.6581417e+00
4.0000000e-01 4.0000000e-01 2.4014303e+00 2.6504828e+00
4.0392157e-01 4.0392157e-01 2.3798367e+00 2.6428121e+00
4.0784314e-01 4.0784314e-01 2.3583316e+00 2.6351305e+00
4.1176471e-01 4.1176471e-01 2.3369187e+00 2.6274390e+00
4.1568627e-01 4.1568627e-01 2.3156019e+00 2.6197386e+00
4.1960784e-01 4.1960784e-01 2.2943845e+00 2.6120304e+00
4.2352941e-01 4.2352941e-01 2.2732702e+00 2.6043152e+00
4.2745098e-01 4.2745098e-01 2.2522621e+00 2.5965939e+00
4.3137255e-01 4.3137255e-01 2.2313636e+00 2.5888676e+00
4.3529412e-01 4.3529412e-01 2.2105778e+00 2.5811370e+00
4.3921569e-01 4.3921569e-01 2.1899076e+00 2.5734032e+00
4.4313725e-01 4.4313725e-01 2.1693560e+00 2.5656669e+00
4.4705882e-01 4.4705882e-01 2.1489257e+00 2.5579290e+00
4.5098039e-01 4.5098039e-01 2.1286195e+00 2.5501904e+00
4.5490196e-01 4.5490196e-01 2.1084397e+00 2.5424519e+00
4.5882353e-01 4.5882353e-01 2.0883890e+00 2.5347143e+00
4.6274510e-01 4.6274510e-01 2.0684696e+00 2.5269784e+00
4.6666667e-01 4.6666667e-01 2.0486838e+00 2.5192450e+00
4.7058824e-01 4.7058824e-01 2.0290337e+00 2.5115148e+00
4.7450980e-01 4.7450980e-01 2.0095213e+00 2.5037886e+00
4.7843137e-01 4.7843137e-01 1.9901486e+00 2.4960671e+00
4.8235294e-01 4.8235294e-01 1.9709173e+00 2.4883510e+00
4.8627451e-01 4.8627451e-01 1.9518293e+00 2.4806411e+00
4.9019608e-01 4.9019608e-01 1.9328861e+00 2.4729380e+00
4.9411765e-01 4.9411765e-01 1.9140892e+00 2.4652425e+00
4.9803922e-01 4.9803922e-01 1.8954401e+00 2.4575550e+00
5.0196078e-01 5.0196078e-01 1.8769401e+00 2.4498764e+00
5.0588235e-01 5.0588235e-01 1.8585905e+00 2.4422072e+00
5.0980392e-01 5.0980392e-01 1.8403924e+00 2.4345481e+00
5.1372549e-01 5.1372549e-01 1.8223469e+00 2.4268996e+00
5.1764706e-01 5.1764706e-01 1.8044549e+00 2.4192623e+00
5.2156863e-01 5.2156863e-01 1.7867173e+00 2.4116368e+00
5.2549020e-01 5.2549020e-01 1.7691350e+00 2.4040237e+00
5.2941176e-01 5.2941176e-01 1.7517087e+00 2.3964236e+00
5.3333333e-01 5.3333333e-01 1.7344390e+00 2.3888368e+00
5.3725490e-01 5.3725490e-01 1.7173265e+00 2.3812640e+00
5.4117647e-01 5.4117647e-01 1.7003716e+00 2.3737057e+00
5.4509804e-01 5.4509804e-01 1.6835748e+00 2.3661624e+00
5.4901961e-01 5.4901961e-01 1.6669365e+00 2.3586344e+00
5.5294118e-01 5.5294118e-01 1.6504568e+00 2.3511224e+00
5.5686275e-01 5.5686275e-01 1.6341361e+00 2.3436268e+00
5.6078431e-01 5.6078431e-01 1.6179744e+00 2.3361479e+00
5.6470588e-01 5.6470588e-01 1.6019717e+00 2.3286863e+00
5.6862745e-01 5.6862745e-01 1.5861282e+00 2.3212423e+00
5.7254902e-01 5.7254902e-01 1.5704438e+00 2.3138164e+00
5.7647059e-01 5.7647059e-01 1.5549182e+00 2.3064089e+00
5.8039216e-01 5.8039216e-01 1.5395514e+00 2.2990203e+00
5.8431373e-01 5.8431373e-01 1.5243432e+00 2.2916508e+00
5.8823529e-01 5.8823529e-01 1.5092932e+00 2.2843010e+00
5.9215686e-01 5.9215686e-01 1.4944010e+00 2.2769710e+00
5.9607843e-01 5.9607843e-01 1.4796664e+00 2.2696613e+00
6.0000000e-01 6.0000000e-01 1.4650888e+00 2.2623721e+00
6.0392157e-01 6.0392157e-01 1.4506679e+00 2.2551039e+00
6.0784314e-01 6.0784314e-01 1.4364029e+00 2.2478569e+00
6.1176471e-01 6.1176471e-01 1.4222935e+00 2.2406313e+00
6.1568627e-01 6.1568627e-01 1.4083389e+00 2.2334276e+00
6.1960784e-01 6.1960784e-01 1.3945384e+00 2.2262459e+00
6.2352941e-01 6.2352941e-01 1.3808915e+00 2.2190865e+00
6.2745098e-01 6.2745098e-01 1.3673974e+00 2.2119498e+00
6.3137255e-01 6.3137255e-01 1.3540552e+00 2.2048358e+00
6.3529412e-01 6.3529412e-01 1.3408642e+00 2.1977450e+00
6.3921569e-01 6.3921569e-01 1.3278235e+00 2.1906774e+00
6.4313725e-01 6.4313725e-01 1.3149323e+00 2.1836334e+00
6.4705882e-01 6.4705882e-01 1.3021896e+00 2.1766132e+00
6.5098039e-01 6.5098039e-01 1.2895946e+00 2.1696168e+00
6.5490196e-01 6.5490196e-01 1.2771463e+00 2.1626446e+00
6.5882353e-01 6.5882353e-01 1.2648437e+00 2.1556968e+00
6.6274510e-01 6.6274510e-01 1.2526858e+00 2.1487735e+00
6.6666667e-01 6.6666667e-01 1.2406715e+00 2.1418748e+00
6.7058824e-01 6.7058824e-01 1.2287999e+00 2.1350010e+00
6.7450980e-01 6.7450980e-01 1.2170698e+00 2.1281522e+00
6.7843137e-01 6.7843137e-01 1.2054802e+00 2.1213286e+00
6.8235294e-01 6.8235294e-01 1.1940299e+00 2.1145303e+00
6.8627451e-01 6.8627451e-01 1.1827179e+00 2.1077574e+00
6.9019608e-01 6.9019608e-01 1.1715429e+00 2.1010100e+00
6.9411765e-01 6.9411765e-01 1.1605039e+00 2.0942884e+00
6.9803922e-01 6.9803922e-01 1.1495996e+00 2.0875925e+00
7.0196078e-01 7.0196078e-01 1.1388290e+00 2.0809226e+00
7.0588235e-01 7.0588235e-01 1.1281907e+00 2.0742787e+00
7.0980392e-01 7.0980392e-01 1.1176837e+00 2.0676608e+00
7.1372549e-01 7.1372549e-01 1.1073066e+00 2.0610692e+00
7.1764706e-01 7.1764706e-01 1.0970583e+00 2.0545039e+00
7.2156863e-01 7.2156863e-01 1.0869375e+00 2.0479649e+00
7.2549020e-01 7.2549020e-01 1.0769431e+00 2.0414523e+00
7.2941176e-01 7.2941176e-01 1.0670737e+00 2.0349663e+00
7.3333333e-01 7.3333333e-01 1.0573282e+00 2.0285068e+00
7.3725490e-01 7.3725490e-01 1.0477053e+00 2.0220739e+00
7.4117647e-01 7.4117647e-01 1.0382037e+00 2.0156676e+00
7.4509804e-01 7.4509804e-01 1.0288221e+00 2.0092881e+00
7.4901961e-01 7.4901961e-01 1.0195595e+00 2.0029354e+00
7.5294118e-01 7.5294118e-01 1.0104143e+00 1.9966094e+00
7.5686275e-01 7.5686275e-01 1.0013856e+00 1.9903102e+00
7.6078431e-01 7.6078431e-01 9.9247185e-01 1.9840379e+00
7.6470588e-01 7.6470588e-01 9.8367194e-01 1.9777925e+00
7.6862745e-01 7.6862745e-01 9.7498459e-01 1.9715739e+00
7.7254902e-01 7.7254902e-01 9.6640855e-01 1.9653823e+00
7.7647059e-01 7.7647059e-01 9.5794256e-01 1.9592175e+00
7.8039216e-01 7.8039216e-01 9.4958539e-01 1.9530797e+00
7.8431373e-01 7.8431373e-01 9.4133578e-01 1.9469688e+00
7.8823529e-01 7.8823529e-01 9.3319251e-01 1.9408848e+00
7.9215686e-01 7.9215686e-01 9.2515433e-01 1.9348277e+00
7.9607843e-01 7.9607843e-01 9.1722002e-01 1.9287975e+00
8.0000000e-01 8.0000000e-01 9.0938835e-01 1.9227941e+00
8.0392157e-01 8.0392157e-01 9.0165811e-01 1.9168177e+00
8.0784314e-01 8.0784314e-01 8.9402808e-01 1.9108680e+00
8.1176471e-01 8.1176471e-01 8.8649706e-01 1.9049452e+00
8.1568627e-01 8.1568627e-01 8.7906385e-01 1.8990492e+00
8.1960784e-01 8.1960784e-01 8.7172725e-01 1.8931800e+00
8.2352941e-01 8.2352941e-01 8.6448608e-01 1.8873375e+00
8.2745098e-01 8.2745098e-01 8.5733917e-01 1.8815216e+00
8.3137255e-01 8.3137255e-01 8.5028534e-01 1.8757325e+00
8.3529412e-01 8.3529412e-01 8.4332343e-01 1.8699699e+00
8.3921569e-01 8.3921569e-01 8.3645230e-01 1.8642339e+00
8.4313725e-01 8.4313725e-01 8.2967079e-01 1.8585245e+00
8.4705882e-01 8.4705882e-01 8.2297777e-01 1.8528415e+00
8.5098039e-01 8.5098039e-01 8.1637212e-01 1.8471849e+00
8.5490196e-01 8.5490196e-01 8.0985272e-01 1.8415547e+00
8.5882353e-01 8.5882353e-01 8.0341846e-01 1.8359508e+00
8.6274510e-01 8.6274510e-01 7.9706824e-01 1.8303731e+00
8.6666667e-01 8.6666667e-01 7.9080097e-01 1.8248217e+00
8.7058824e-01 8.7058824e-01 7.8461558e-01 1.8192963e+00
8.7450980e-01 8.7450980e-01 7.7851100e-01 1.8137971e+00
8.7843137e-01 8.7843137e-01 7.7248616e-01 1.8083238e+00
8.8235294e-01 8.8235294e-01 7.6654002e-01 1.8028764e+00
8.8627451e-01 8.8627451e-01 7.6067155e-01 1.7974549e+00
8.9019608e-01 8.9019608e-01 7.5487970e-01 1.7920592e+00
8.9411765e-01 8.9411765e-01 7.4916347e-01 1.7866892e+00
8.9803922e-01 8.9803922e-01 7.4352185e-01 1.7813448e+00
9.0196078e-01 9.0196078e-01 7.3795384e-01 1.7760259e+00
9.0588235e-01 9.0588235e-01 7.3245845e-01 1.7707326e+00
9.0980392e-01 9.0980392e-01 7.2703471e-01 1.7654646e+00
9.1372549e-01 9.1372549e-01 7.2168165e-01 1.7602219e+00
9.1764706e-01 9.1764706e-01 7.1639832e-01 1.7550045e+00
9.2156863e-01 9.2156863e-01 7.1118378e-01 1.7498122e+00
9.2549020e-01 9.2549020e-01 7.0603708e-01 1.7446449e+00
9.2941176e-01 9.2941176e-01 7.0095731e-01 1.7395027e+00
9.3333333e-01 9.3333333e-01 6.9594356e-01 1.7343853e+00
9.3725490e-01 9.3725490e-01 6.9099493e-01 1.7292926e+00
9.4117647e-01 9.4117647e-01 6.8611051e-01 1.7242247e+00
9.4509804e-01 9.4509804e-01 6.8128944e-01 1.7191814e+00
9.4901961e-01 9.4901961e-01 6.7653084e-01 1.7141626e+00
9.5294118e-01 9.5294118e-01 6.7183386e-01 1.7091682e+00
9.5686275e-01 9.5686275e-01 6.6719764e-01 1.7041982e+00
9.6078431e-01 9.6078431e-01 6.6262134e-01 1.6992523e+00
9.6470588e-01 9.6470588e-01 6.5810414e-01 1.6943306e+00
9.6862745e-01 9.6862745e-01 6.5364523e-01 1.6894330e+00
9.7254902e-01 9.7254902e-01 6.4924378e-01 1.6845592e+00
9.7647059e-01 9.7647059e-01 6.4489901e-01 1.6797093e+00
9.8039216e-01 9.8039216e-01 6.4061012e-01 1.6748832e+00
9.8431373e-01 9.8431373e-01 6.3637635e-01 1.6700806e+00
9.8823529e-01 9.8823529e-01 6.3219692e-01 1.6653016e+00
9.9215686e-01 9.9215686e-01 6.2807108e-01 1.6605461e+00
9.9607843e-01 9.9607843e-01 6.2399807e-01 1.6558138e+00
1.0000000e+00 1.0000000e+00 6.1997717e-01 1.6511048e+00
